0.3530000000   10000100 00000000 00000000 
0.0000000000   00010000 00001010 00000000 
0.0000000000   00000010 00010000 00000000 
0.0000000000   00000000 00000000 00000000 
0.9990000000   00001000 00100000 11000010 
0.0000000000   00000000 00000000 00000011 
0.3530000000   10000000 00000000 00000100 
0.4980000000   10010000 01001000 00010000 
0.0000000000   00000000 10000001 00000001 
0.9990000000   00010000 01000000 10010010 
0.9990000000   00000000 01000000 10010001 
0.0000000000   00001000 00101000 00000000 
0.0000000000   00000000 00000000 00000100 
0.0000000000   00101000 00000000 00000110 
0.0000000000   00000000 00001000 00000000 
0.9990000000   00000000 00000000 10000000 
0.0000000000   00000000 00010000 00000000 
0.0000000000   00000000 00000010 00000000 
0.0000000000   00000011 00000000 00010000 
0.0000000000   00010000 00000001 00000100 
0.0000000000   00000000 00000000 00000001 
0.6610000000   10010000 10000001 00000000 
0.0000000000   00011000 00010001 00000100 
0.3530000000   10001000 00100000 00010000 
0.0000000000   00000010 00001110 00000000 
0.0000000000   00000000 00000001 00000000 
0.0000000000   00100000 00000000 00000000 
0.0000000000   00001001 00001001 00000000 
0.0000000000   00000000 00000000 00001000 
0.3530000000   10000100 00000000 01000000 
0.9990000000   00001000 00110000 10011010 
0.0000000000   00000000 00000010 01000001 
0.0000000000   00001000 10000000 00100000 
0.0000000000   00000000 00000000 01000000 
0.0000000000   00000000 00000000 00100000 
0.0000000000   01000100 00000001 01000001 
0.0000000000   00000010 00010100 01000000 
0.0000000000   00010000 00000000 00000000 
0.0000000000   00000100 00000000 00000010 
0.3530000000   10000000 00111000 00000000 
0.3530000000   10000000 00100001 00010000 
0.0000000000   01000000 00100010 00000000 
0.0000000000   00000010 00000000 00000000 
0.0000000000   00000000 00000000 00010000 
0.3530000000   11000010 00000000 00000000 
0.9990000000   00000000 00100000 10000000 
0.0000000000   00010000 00000001 00100000 
0.0000000000   00100000 00000000 01000000 
0.0000000000   01000000 00000000 00000001 
0.0000000000   00000000 00000000 00000010 
